trip_id,arrival_time,departure_time,stop_id,stop_sequence,stop_headsign,pickup_type,drop_off_type,shape_dist_traveled
12905801,14:45:00,14:45:00,55,1,,0,0,
12905801,14:56:25,14:56:25,10542,10,,0,0,2.4674
12905801,14:58:03,14:58:03,69,11,,0,0,2.8195
12905801,14:58:51,14:58:51,70,12,,0,0,2.9916
12905801,15:00:31,15:00:31,72,13,,0,0,3.3497
12905801,15:06:28,15:06:28,73,14,,0,0,4.6264
12905801,15:07:40,15:07:40,75,15,,0,0,4.8874
12905801,15:09:01,15:09:01,11881,16,,0,0,5.1794
12905801,15:10:10,15:10:10,12603,17,,0,0,5.4291
12905801,15:11:04,15:11:04,30,18,,0,0,5.6229
12905801,15:12:00,15:12:00,31,19,,0,0,5.7926
12905801,14:46:26,14:46:26,56,2,,0,0,0.3092
12905801,15:17:00,15:17:00,9069,20,,1,0,6.7659
12905801,14:47:34,14:47:34,12619,3,,0,0,0.5532
12905801,14:48:19,14:48:19,58,4,,0,0,0.7143
12905801,14:49:40,14:49:40,60,5,,0,0,1.0071
12905801,14:50:30,14:50:30,61,6,,0,0,1.1881
12905801,14:51:50,14:51:50,63,7,,0,0,1.4773
12905801,14:52:41,14:52:41,64,8,,0,0,1.6603
12905801,14:54:51,14:54:51,12040,9,,0,0,2.1283
12905802,14:23:00,14:23:00,646,1,,0,0,
12905802,14:35:45,14:35:45,1277,10,,0,0,3.4113
12905802,14:37:14,14:37:14,1279,11,,0,0,3.8103
12905802,14:39:19,14:39:19,56,12,,0,0,4.3659
12905802,14:40:14,14:40:14,12619,13,,0,0,4.61
12905802,14:40:50,14:40:50,58,14,,0,0,4.771
12905802,14:41:55,14:41:55,60,15,,0,0,5.0638
12905802,14:42:35,14:42:35,61,16,,0,0,5.2448
12905802,14:43:40,14:43:40,63,17,,0,0,5.534
12905802,14:44:21,14:44:21,64,18,,0,0,5.7171
12905802,14:46:06,14:46:06,12040,19,,0,0,6.1851
12905802,14:24:14,14:24:14,378,2,,0,0,0.33
12905802,14:47:22,14:47:22,10542,20,,0,0,6.5242
12905802,14:48:41,14:48:41,69,21,,0,0,6.8763
12905802,14:49:19,14:49:19,70,22,,0,0,7.0484
12905802,14:50:39,14:50:39,72,23,,0,0,7.4065
12905802,14:55:26,14:55:26,73,24,,0,0,8.6831
12905802,14:56:24,14:56:24,75,25,,0,0,8.9441
12905802,14:57:29,14:57:29,11881,26,,0,0,9.2361
12905802,14:58:25,14:58:25,12603,27,,0,0,9.4858
12905802,14:59:08,14:59:08,30,28,,0,0,9.6796
12905802,15:00:00,15:00:00,31,29,,0,0,9.8494
12905802,14:25:09,14:25:09,379,3,,0,0,0.578
12905802,15:05:00,15:05:00,9069,30,,1,0,10.8227
12905802,14:26:29,14:26:29,12663,4,,0,0,0.9331
12905802,14:28:41,14:28:41,1269,5,,0,0,1.5221
12905802,14:30:12,14:30:12,1271,6,,0,0,1.9271
12905802,14:31:49,14:31:49,1273,7,,0,0,2.3591
12905802,14:33:35,14:33:35,1275,8,,0,0,2.8334
12905802,14:35:22,14:35:22,1276,9,,0,0,3.3083
12905803,13:10:00,13:10:00,646,1,,0,0,
12905803,13:22:24,13:22:24,1277,10,,0,0,3.4113
12905803,13:23:51,13:23:51,1279,11,,0,0,3.8103
12905803,13:25:52,13:25:52,56,12,,0,0,4.3659
12905803,13:26:45,13:26:45,12619,13,,0,0,4.61
12905803,13:27:20,13:27:20,58,14,,0,0,4.771
12905803,13:28:24,13:28:24,60,15,,0,0,5.0638
12905803,13:29:03,13:29:03,61,16,,0,0,5.2448
12905803,13:30:06,13:30:06,63,17,,0,0,5.534
12905803,13:30:46,13:30:46,64,18,,0,0,5.7171
12905803,13:32:28,13:32:28,12040,19,,0,0,6.1851
12905803,13:11:12,13:11:12,378,2,,0,0,0.33
12905803,13:33:42,13:33:42,10542,20,,0,0,6.5242
12905803,13:34:59,13:34:59,69,21,,0,0,6.8763
12905803,13:35:36,13:35:36,70,22,,0,0,7.0484
12905803,13:36:54,13:36:54,72,23,,0,0,7.4065
12905803,13:41:33,13:41:33,73,24,,0,0,8.6831
12905803,13:42:30,13:42:30,75,25,,0,0,8.9441
12905803,13:43:34,13:43:34,11881,26,,0,0,9.2361
12905803,13:44:28,13:44:28,12603,27,,0,0,9.4858
12905803,13:45:10,13:45:10,30,28,,0,0,9.6796
12905803,13:46:00,13:46:00,31,29,,0,0,9.8494
12905803,13:12:06,13:12:06,379,3,,0,0,0.578
12905803,13:51:00,13:51:00,9069,30,,1,0,10.8227
12905803,13:13:23,13:13:23,12663,4,,0,0,0.9331
12905803,13:15:32,13:15:32,1269,5,,0,0,1.5221
12905803,13:17:00,13:17:00,1271,6,,0,0,1.9271
12905803,13:18:34,13:18:34,1273,7,,0,0,2.3591
12905803,13:20:18,13:20:18,1275,8,,0,0,2.8334
12905803,13:22:02,13:22:02,1276,9,,0,0,3.3083
12905804,15:08:00,15:08:00,55,1,,0,0,
12905804,15:19:25,15:19:25,10542,10,,0,0,2.4674
12905804,15:21:03,15:21:03,69,11,,0,0,2.8195
12905804,15:21:51,15:21:51,70,12,,0,0,2.9916
12905804,15:23:31,15:23:31,72,13,,0,0,3.3497
12905804,15:29:28,15:29:28,73,14,,0,0,4.6264
12905804,15:30:40,15:30:40,75,15,,0,0,4.8874
12905804,15:32:01,15:32:01,11881,16,,0,0,5.1794
12905804,15:33:10,15:33:10,12603,17,,0,0,5.4291
12905804,15:34:04,15:34:04,30,18,,0,0,5.6229
12905804,15:35:00,15:35:00,31,19,,0,0,5.7926
12905804,15:09:26,15:09:26,56,2,,0,0,0.3092
12905804,15:40:00,15:40:00,9069,20,,1,0,6.7659
12905804,15:10:34,15:10:34,12619,3,,0,0,0.5532
12905804,15:11:19,15:11:19,58,4,,0,0,0.7143
12905804,15:12:40,15:12:40,60,5,,0,0,1.0071
12905804,15:13:30,15:13:30,61,6,,0,0,1.1881
12905804,15:14:50,15:14:50,63,7,,0,0,1.4773
12905804,15:15:41,15:15:41,64,8,,0,0,1.6603
12905804,15:17:51,15:17:51,12040,9,,0,0,2.1283
12905805, 7:58:00, 7:58:00,55,1,,0,0,
12905805, 8:09:00, 8:09:00,10542,10,,0,0,2.4674
12905805, 8:10:34, 8:10:34,69,11,,0,0,2.8195
12905805, 8:11:20, 8:11:20,70,12,,0,0,2.9916
12905805, 8:12:56, 8:12:56,72,13,,0,0,3.3497
12905805, 8:18:39, 8:18:39,73,14,,0,0,4.6264
12905805, 8:19:49, 8:19:49,75,15,,0,0,4.8874
12905805, 8:21:07, 8:21:07,11881,16,,0,0,5.1794
12905805, 8:22:14, 8:22:14,12603,17,,0,0,5.4291
12905805, 8:23:06, 8:23:06,30,18,,0,0,5.6229
12905805, 8:24:00, 8:24:00,31,19,,0,0,5.7926
12905805, 7:59:23, 7:59:23,56,2,,0,0,0.3092
12905805, 8:27:00, 8:27:00,9069,20,,1,0,6.7659
12905805, 8:00:28, 8:00:28,12619,3,,0,0,0.5532
12905805, 8:01:11, 8:01:11,58,4,,0,0,0.7143
12905805, 8:02:29, 8:02:29,60,5,,0,0,1.0071
12905805, 8:03:17, 8:03:17,61,6,,0,0,1.1881
12905805, 8:04:34, 8:04:34,63,7,,0,0,1.4773
12905805, 8:05:23, 8:05:23,64,8,,0,0,1.6603
12905805, 8:07:29, 8:07:29,12040,9,,0,0,2.1283
12905806, 7:25:00, 7:25:00,55,1,,0,0,
12905806, 7:35:09, 7:35:09,10542,10,,0,0,2.4674
12905806, 7:36:36, 7:36:36,69,11,,0,0,2.8195
12905806, 7:37:18, 7:37:18,70,12,,0,0,2.9916
12905806, 7:38:47, 7:38:47,72,13,,0,0,3.3497
12905806, 7:44:04, 7:44:04,73,14,,0,0,4.6264
12905806, 7:45:08, 7:45:08,75,15,,0,0,4.8874
12905806, 7:46:20, 7:46:20,11881,16,,0,0,5.1794
12905806, 7:47:22, 7:47:22,12603,17,,0,0,5.4291
12905806, 7:48:10, 7:48:10,30,18,,0,0,5.6229
12905806, 7:49:00, 7:49:00,31,19,,0,0,5.7926
12905806, 7:26:16, 7:26:16,56,2,,0,0,0.3092
12905806, 7:52:00, 7:52:00,9069,20,,1,0,6.7659
12905806, 7:27:16, 7:27:16,12619,3,,0,0,0.5532
12905806, 7:27:56, 7:27:56,58,4,,0,0,0.7143
12905806, 7:29:08, 7:29:08,60,5,,0,0,1.0071
12905806, 7:29:53, 7:29:53,61,6,,0,0,1.1881
12905806, 7:31:04, 7:31:04,63,7,,0,0,1.4773
12905806, 7:31:49, 7:31:49,64,8,,0,0,1.6603
12905806, 7:33:45, 7:33:45,12040,9,,0,0,2.1283
12905807,20:06:00,20:06:00,646,1,,0,0,
12905807,20:16:40,20:16:40,1277,10,,0,0,3.4113
12905807,20:17:55,20:17:55,1279,11,,0,0,3.8103
12905807,20:19:39,20:19:39,56,12,,0,0,4.3659
12905807,20:20:25,20:20:25,12619,13,,0,0,4.61
12905807,20:20:55,20:20:55,58,14,,0,0,4.771
12905807,20:21:50,20:21:50,60,15,,0,0,5.0638
12905807,20:22:24,20:22:24,61,16,,0,0,5.2448
12905807,20:23:18,20:23:18,63,17,,0,0,5.534
12905807,20:23:52,20:23:52,64,18,,0,0,5.7171
12905807,20:25:20,20:25:20,12040,19,,0,0,6.1851
12905807,20:07:02,20:07:02,378,2,,0,0,0.33
12905807,20:26:24,20:26:24,10542,20,,0,0,6.5242
12905807,20:27:30,20:27:30,69,21,,0,0,6.8763
12905807,20:28:02,20:28:02,70,22,,0,0,7.0484
12905807,20:29:09,20:29:09,72,23,,0,0,7.4065
12905807,20:33:10,20:33:10,73,24,,0,0,8.6831
12905807,20:33:59,20:33:59,75,25,,0,0,8.9441
12905807,20:34:54,20:34:54,11881,26,,0,0,9.2361
12905807,20:35:41,20:35:41,12603,27,,0,0,9.4858
12905807,20:36:17,20:36:17,30,28,,0,0,9.6796
12905807,20:37:00,20:37:00,31,29,,0,0,9.8494
12905807,20:07:48,20:07:48,379,3,,0,0,0.578
12905807,20:41:00,20:41:00,9069,30,,1,0,10.8227
12905807,20:08:55,20:08:55,12663,4,,0,0,0.9331
12905807,20:10:46,20:10:46,1269,5,,0,0,1.5221
12905807,20:12:02,20:12:02,1271,6,,0,0,1.9271
12905807,20:13:23,20:13:23,1273,7,,0,0,2.3591
12905807,20:14:52,20:14:52,1275,8,,0,0,2.8334
12905807,20:16:21,20:16:21,1276,9,,0,0,3.3083
12905808,20:04:00,20:04:00,55,1,,0,0,
12905808,20:13:43,20:13:43,10542,10,,0,0,2.4674
12905808,20:15:06,20:15:06,69,11,,0,0,2.8195
12905808,20:15:46,20:15:46,70,12,,0,0,2.9916
12905808,20:17:11,20:17:11,72,13,,0,0,3.3497
12905808,20:22:15,20:22:15,73,14,,0,0,4.6264
12905808,20:23:17,20:23:17,75,15,,0,0,4.8874
12905808,20:24:26,20:24:26,11881,16,,0,0,5.1794
12905808,20:25:25,20:25:25,12603,17,,0,0,5.4291
12905808,20:26:11,20:26:11,30,18,,0,0,5.6229
12905808,20:27:00,20:27:00,31,19,,0,0,5.7926
12905808,20:05:13,20:05:13,56,2,,0,0,0.3092
12905808,20:31:00,20:31:00,9069,20,,1,0,6.7659
12905808,20:06:11,20:06:11,12619,3,,0,0,0.5532
12905808,20:06:49,20:06:49,58,4,,0,0,0.7143
12905808,20:07:58,20:07:58,60,5,,0,0,1.0071
12905808,20:08:41,20:08:41,61,6,,0,0,1.1881
12905808,20:09:49,20:09:49,63,7,,0,0,1.4773
12905808,20:10:32,20:10:32,64,8,,0,0,1.6603
12905808,20:12:23,20:12:23,12040,9,,0,0,2.1283
12905809,19:43:00,19:43:00,646,1,,0,0,
12905809,19:54:42,19:54:42,1277,10,,0,0,3.4113
12905809,19:56:04,19:56:04,1279,11,,0,0,3.8103
12905809,19:57:59,19:57:59,56,12,,0,0,4.3659
12905809,19:58:49,19:58:49,12619,13,,0,0,4.61
12905809,19:59:22,19:59:22,58,14,,0,0,4.771
12905809,20:00:22,20:00:22,60,15,,0,0,5.0638
12905809,20:00:59,20:00:59,61,16,,0,0,5.2448
12905809,20:01:58,20:01:58,63,17,,0,0,5.534
12905809,20:02:35,20:02:35,64,18,,0,0,5.7171
12905809,20:04:11,20:04:11,12040,19,,0,0,6.1851
12905809,19:44:08,19:44:08,378,2,,0,0,0.33
12905809,20:05:21,20:05:21,10542,20,,0,0,6.5242
12905809,20:06:33,20:06:33,69,21,,0,0,6.8763
12905809,20:07:08,20:07:08,70,22,,0,0,7.0484
12905809,20:08:22,20:08:22,72,23,,0,0,7.4065
12905809,20:12:46,20:12:46,73,24,,0,0,8.6831
12905809,20:13:40,20:13:40,75,25,,0,0,8.9441
12905809,20:14:40,20:14:40,11881,26,,0,0,9.2361
12905809,20:15:31,20:15:31,12603,27,,0,0,9.4858
12905809,20:16:11,20:16:11,30,28,,0,0,9.6796
12905809,20:17:00,20:17:00,31,29,,0,0,9.8494
12905809,19:44:59,19:44:59,379,3,,0,0,0.578
12905809,20:21:00,20:21:00,9069,30,,1,0,10.8227
12905809,19:46:12,19:46:12,12663,4,,0,0,0.9331
12905809,19:48:13,19:48:13,1269,5,,0,0,1.5221
12905809,19:49:36,19:49:36,1271,6,,0,0,1.9271
12905809,19:51:05,19:51:05,1273,7,,0,0,2.3591
12905809,19:52:43,19:52:43,1275,8,,0,0,2.8334
12905809,19:54:21,19:54:21,1276,9,,0,0,3.3083
12905810,19:44:00,19:44:00,55,1,,0,0,
12905810,19:53:43,19:53:43,10542,10,,0,0,2.4674
12905810,19:55:06,19:55:06,69,11,,0,0,2.8195
12905810,19:55:46,19:55:46,70,12,,0,0,2.9916
12905810,19:57:11,19:57:11,72,13,,0,0,3.3497
12905810,20:02:15,20:02:15,73,14,,0,0,4.6264
12905810,20:03:17,20:03:17,75,15,,0,0,4.8874
12905810,20:04:26,20:04:26,11881,16,,0,0,5.1794
12905810,20:05:25,20:05:25,12603,17,,0,0,5.4291
12905810,20:06:11,20:06:11,30,18,,0,0,5.6229
12905810,20:07:00,20:07:00,31,19,,0,0,5.7926
12905810,19:45:13,19:45:13,56,2,,0,0,0.3092
12905810,20:11:00,20:11:00,9069,20,,1,0,6.7659
12905810,19:46:11,19:46:11,12619,3,,0,0,0.5532
12905810,19:46:49,19:46:49,58,4,,0,0,0.7143
12905810,19:47:58,19:47:58,60,5,,0,0,1.0071
12905810,19:48:41,19:48:41,61,6,,0,0,1.1881
12905810,19:49:49,19:49:49,63,7,,0,0,1.4773
12905810,19:50:32,19:50:32,64,8,,0,0,1.6603
12905810,19:52:23,19:52:23,12040,9,,0,0,2.1283
12905811,19:24:00,19:24:00,55,1,,0,0,
12905811,19:33:43,19:33:43,10542,10,,0,0,2.4674
12905811,19:35:06,19:35:06,69,11,,0,0,2.8195
12905811,19:35:46,19:35:46,70,12,,0,0,2.9916
12905811,19:37:11,19:37:11,72,13,,0,0,3.3497
12905811,19:42:15,19:42:15,73,14,,0,0,4.6264
12905811,19:43:17,19:43:17,75,15,,0,0,4.8874
12905811,19:44:26,19:44:26,11881,16,,0,0,5.1794
12905811,19:45:25,19:45:25,12603,17,,0,0,5.4291
12905811,19:46:11,19:46:11,30,18,,0,0,5.6229
12905811,19:47:00,19:47:00,31,19,,0,0,5.7926
12905811,19:25:13,19:25:13,56,2,,0,0,0.3092
12905811,19:51:00,19:51:00,9069,20,,1,0,6.7659
12905811,19:26:11,19:26:11,12619,3,,0,0,0.5532
12905811,19:26:49,19:26:49,58,4,,0,0,0.7143
12905811,19:27:58,19:27:58,60,5,,0,0,1.0071
12905811,19:28:41,19:28:41,61,6,,0,0,1.1881
12905811,19:29:49,19:29:49,63,7,,0,0,1.4773
12905811,19:30:32,19:30:32,64,8,,0,0,1.6603
12905811,19:32:23,19:32:23,12040,9,,0,0,2.1283
12905812,19:03:00,19:03:00,646,1,,0,0,
12905812,19:14:42,19:14:42,1277,10,,0,0,3.4113
12905812,19:16:04,19:16:04,1279,11,,0,0,3.8103
12905812,19:17:59,19:17:59,56,12,,0,0,4.3659
12905812,19:18:49,19:18:49,12619,13,,0,0,4.61
12905812,19:19:22,19:19:22,58,14,,0,0,4.771
12905812,19:20:22,19:20:22,60,15,,0,0,5.0638
12905812,19:20:59,19:20:59,61,16,,0,0,5.2448
12905812,19:21:58,19:21:58,63,17,,0,0,5.534
12905812,19:22:35,19:22:35,64,18,,0,0,5.7171
12905812,19:24:11,19:24:11,12040,19,,0,0,6.1851
12905812,19:04:08,19:04:08,378,2,,0,0,0.33
12905812,19:25:21,19:25:21,10542,20,,0,0,6.5242
12905812,19:26:33,19:26:33,69,21,,0,0,6.8763
12905812,19:27:08,19:27:08,70,22,,0,0,7.0484
12905812,19:28:22,19:28:22,72,23,,0,0,7.4065
12905812,19:32:46,19:32:46,73,24,,0,0,8.6831
12905812,19:33:40,19:33:40,75,25,,0,0,8.9441
12905812,19:34:40,19:34:40,11881,26,,0,0,9.2361
12905812,19:35:31,19:35:31,12603,27,,0,0,9.4858
12905812,19:36:11,19:36:11,30,28,,0,0,9.6796
12905812,19:37:00,19:37:00,31,29,,0,0,9.8494
12905812,19:04:59,19:04:59,379,3,,0,0,0.578
12905812,19:41:00,19:41:00,9069,30,,1,0,10.8227
12905812,19:06:12,19:06:12,12663,4,,0,0,0.9331
12905812,19:08:13,19:08:13,1269,5,,0,0,1.5221
12905812,19:09:36,19:09:36,1271,6,,0,0,1.9271
12905812,19:11:05,19:11:05,1273,7,,0,0,2.3591
12905812,19:12:43,19:12:43,1275,8,,0,0,2.8334
12905812,19:14:21,19:14:21,1276,9,,0,0,3.3083
12905813, 7:25:00, 7:25:00,646,1,,0,0,
12905813, 7:36:42, 7:36:42,1277,10,,0,0,3.4113
12905813, 7:38:04, 7:38:04,1279,11,,0,0,3.8103
12905813, 7:39:59, 7:39:59,56,12,,0,0,4.3659
12905813, 7:40:49, 7:40:49,12619,13,,0,0,4.61
12905813, 7:41:22, 7:41:22,58,14,,0,0,4.771
12905813, 7:42:22, 7:42:22,60,15,,0,0,5.0638
12905813, 7:42:59, 7:42:59,61,16,,0,0,5.2448
12905813, 7:43:58, 7:43:58,63,17,,0,0,5.534
12905813, 7:44:35, 7:44:35,64,18,,0,0,5.7171
12905813, 7:46:11, 7:46:11,12040,19,,0,0,6.1851
12905813, 7:26:08, 7:26:08,378,2,,0,0,0.33
12905813, 7:47:21, 7:47:21,10542,20,,0,0,6.5242
12905813, 7:48:33, 7:48:33,69,21,,0,0,6.8763
12905813, 7:49:08, 7:49:08,70,22,,0,0,7.0484
12905813, 7:50:22, 7:50:22,72,23,,0,0,7.4065
12905813, 7:54:46, 7:54:46,73,24,,0,0,8.6831
12905813, 7:55:40, 7:55:40,75,25,,0,0,8.9441
12905813, 7:56:40, 7:56:40,11881,26,,0,0,9.2361
12905813, 7:57:31, 7:57:31,12603,27,,0,0,9.4858
12905813, 7:58:11, 7:58:11,30,28,,0,0,9.6796
12905813, 7:59:00, 7:59:00,31,29,,0,0,9.8494
12905813, 7:26:59, 7:26:59,379,3,,0,0,0.578
12905813, 8:02:00, 8:02:00,9069,30,,1,0,10.8227
12905813, 7:28:12, 7:28:12,12663,4,,0,0,0.9331
12905813, 7:30:13, 7:30:13,1269,5,,0,0,1.5221
12905813, 7:31:36, 7:31:36,1271,6,,0,0,1.9271
12905813, 7:33:05, 7:33:05,1273,7,,0,0,2.3591
12905813, 7:34:43, 7:34:43,1275,8,,0,0,2.8334
12905813, 7:36:21, 7:36:21,1276,9,,0,0,3.3083
12905815, 7:12:00, 7:12:00,55,1,,0,0,
12905815, 7:21:17, 7:21:17,10542,10,,0,0,2.4674
12905815, 7:22:37, 7:22:37,69,11,,0,0,2.8195
12905815, 7:23:16, 7:23:16,70,12,,0,0,2.9916
12905815, 7:24:37, 7:24:37,72,13,,0,0,3.3497
12905815, 7:29:27, 7:29:27,73,14,,0,0,4.6264
12905815, 7:30:26, 7:30:26,75,15,,0,0,4.8874
12905815, 7:31:32, 7:31:32,11881,16,,0,0,5.1794
12905815, 7:32:28, 7:32:28,12603,17,,0,0,5.4291
12905815, 7:33:12, 7:33:12,30,18,,0,0,5.6229
12905815, 7:34:00, 7:34:00,31,19,,0,0,5.7926
12905815, 7:13:10, 7:13:10,56,2,,0,0,0.3092
12905815, 7:37:00, 7:37:00,9069,20,,1,0,6.7659
12905815, 7:14:05, 7:14:05,12619,3,,0,0,0.5532
12905815, 7:14:41, 7:14:41,58,4,,0,0,0.7143
12905815, 7:15:47, 7:15:47,60,5,,0,0,1.0071
12905815, 7:16:28, 7:16:28,61,6,,0,0,1.1881
12905815, 7:17:33, 7:17:33,63,7,,0,0,1.4773
12905815, 7:18:14, 7:18:14,64,8,,0,0,1.6603
12905815, 7:20:00, 7:20:00,12040,9,,0,0,2.1283
12905816,15:51:00,15:51:00,646,1,,0,0,
12905816,16:04:05,16:04:05,1277,10,,0,0,3.4113
12905816,16:05:37,16:05:37,1279,11,,0,0,3.8103
12905816,16:07:45,16:07:45,56,12,,0,0,4.3659
12905816,16:08:41,16:08:41,12619,13,,0,0,4.61
12905816,16:09:18,16:09:18,58,14,,0,0,4.771
12905816,16:10:25,16:10:25,60,15,,0,0,5.0638
12905816,16:11:06,16:11:06,61,16,,0,0,5.2448
12905816,16:12:12,16:12:12,63,17,,0,0,5.534
12905816,16:12:54,16:12:54,64,18,,0,0,5.7171
12905816,16:14:42,16:14:42,12040,19,,0,0,6.1851
12905816,15:52:16,15:52:16,378,2,,0,0,0.33
12905816,16:16:00,16:16:00,10542,20,,0,0,6.5242
12905816,16:17:21,16:17:21,69,21,,0,0,6.8763
12905816,16:18:00,16:18:00,70,22,,0,0,7.0484
12905816,16:19:22,16:19:22,72,23,,0,0,7.4065
12905816,16:24:17,16:24:17,73,24,,0,0,8.6831
12905816,16:25:17,16:25:17,75,25,,0,0,8.9441
12905816,16:26:24,16:26:24,11881,26,,0,0,9.2361
12905816,16:27:21,16:27:21,12603,27,,0,0,9.4858
12905816,16:28:05,16:28:05,30,28,,0,0,9.6796
12905816,16:29:00,16:29:00,31,29,,0,0,9.8494
12905816,15:53:13,15:53:13,379,3,,0,0,0.578
12905816,16:34:00,16:34:00,9069,30,,1,0,10.8227
12905816,15:54:35,15:54:35,12663,4,,0,0,0.9331
12905816,15:56:51,15:56:51,1269,5,,0,0,1.5221
12905816,15:58:24,15:58:24,1271,6,,0,0,1.9271
12905816,16:00:04,16:00:04,1273,7,,0,0,2.3591
12905816,16:01:53,16:01:53,1275,8,,0,0,2.8334
12905816,16:03:42,16:03:42,1276,9,,0,0,3.3083
12905817, 9:52:00, 9:52:00,646,1,,0,0,
12905817,10:04:03,10:04:03,1277,10,,0,0,3.4113
12905817,10:05:28,10:05:28,1279,11,,0,0,3.8103
12905817,10:07:26,10:07:26,56,12,,0,0,4.3659
12905817,10:08:18,10:08:18,12619,13,,0,0,4.61
12905817,10:08:52,10:08:52,58,14,,0,0,4.771
12905817,10:09:54,10:09:54,60,15,,0,0,5.0638
12905817,10:10:32,10:10:32,61,16,,0,0,5.2448
12905817,10:11:33,10:11:33,63,17,,0,0,5.534
12905817,10:12:12,10:12:12,64,18,,0,0,5.7171
12905817,10:13:51,10:13:51,12040,19,,0,0,6.1851
12905817, 9:53:10, 9:53:10,378,2,,0,0,0.33
12905817,10:15:03,10:15:03,10542,20,,0,0,6.5242
12905817,10:16:18,10:16:18,69,21,,0,0,6.8763
12905817,10:16:54,10:16:54,70,22,,0,0,7.0484
12905817,10:18:10,10:18:10,72,23,,0,0,7.4065
12905817,10:22:42,10:22:42,73,24,,0,0,8.6831
12905817,10:23:37,10:23:37,75,25,,0,0,8.9441
12905817,10:24:39,10:24:39,11881,26,,0,0,9.2361
12905817,10:25:32,10:25:32,12603,27,,0,0,9.4858
12905817,10:26:13,10:26:13,30,28,,0,0,9.6796
12905817,10:27:00,10:27:00,31,29,,0,0,9.8494
12905817, 9:54:02, 9:54:02,379,3,,0,0,0.578
12905817,10:30:00,10:30:00,9069,30,,1,0,10.8227
12905817, 9:55:17, 9:55:17,12663,4,,0,0,0.9331
12905817, 9:57:22, 9:57:22,1269,5,,0,0,1.5221
12905817, 9:58:48, 9:58:48,1271,6,,0,0,1.9271
12905817,10:00:20,10:00:20,1273,7,,0,0,2.3591
12905817,10:02:01,10:02:01,1275,8,,0,0,2.8334
12905817,10:03:42,10:03:42,1276,9,,0,0,3.3083
12905818,10:12:00,10:12:00,55,1,,0,0,
12905818,10:22:34,10:22:34,10542,10,,0,0,2.4674
12905818,10:24:05,10:24:05,69,11,,0,0,2.8195
12905818,10:24:49,10:24:49,70,12,,0,0,2.9916
12905818,10:26:21,10:26:21,72,13,,0,0,3.3497
12905818,10:31:51,10:31:51,73,14,,0,0,4.6264
12905818,10:32:58,10:32:58,75,15,,0,0,4.8874
12905818,10:34:13,10:34:13,11881,16,,0,0,5.1794
12905818,10:35:17,10:35:17,12603,17,,0,0,5.4291
12905818,10:36:07,10:36:07,30,18,,0,0,5.6229
12905818,10:37:00,10:37:00,31,19,,0,0,5.7926
12905818,10:13:20,10:13:20,56,2,,0,0,0.3092
12905818,10:40:00,10:40:00,9069,20,,1,0,6.7659
12905818,10:14:23,10:14:23,12619,3,,0,0,0.5532
12905818,10:15:04,10:15:04,58,4,,0,0,0.7143
12905818,10:16:19,10:16:19,60,5,,0,0,1.0071
12905818,10:17:05,10:17:05,61,6,,0,0,1.1881
12905818,10:18:19,10:18:19,63,7,,0,0,1.4773
12905818,10:19:06,10:19:06,64,8,,0,0,1.6603
12905818,10:21:07,10:21:07,12040,9,,0,0,2.1283
12905819,15:39:00,15:39:00,646,1,,0,0,
12905819,15:52:05,15:52:05,1277,10,,0,0,3.4113
12905819,15:53:37,15:53:37,1279,11,,0,0,3.8103
12905819,15:55:45,15:55:45,56,12,,0,0,4.3659
12905819,15:56:41,15:56:41,12619,13,,0,0,4.61
12905819,15:57:18,15:57:18,58,14,,0,0,4.771
12905819,15:58:25,15:58:25,60,15,,0,0,5.0638
12905819,15:59:06,15:59:06,61,16,,0,0,5.2448
12905819,16:00:12,16:00:12,63,17,,0,0,5.534
12905819,16:00:54,16:00:54,64,18,,0,0,5.7171
12905819,16:02:42,16:02:42,12040,19,,0,0,6.1851
12905819,15:40:16,15:40:16,378,2,,0,0,0.33
12905819,16:04:00,16:04:00,10542,20,,0,0,6.5242
12905819,16:05:21,16:05:21,69,21,,0,0,6.8763
12905819,16:06:00,16:06:00,70,22,,0,0,7.0484
12905819,16:07:22,16:07:22,72,23,,0,0,7.4065
12905819,16:12:17,16:12:17,73,24,,0,0,8.6831
12905819,16:13:17,16:13:17,75,25,,0,0,8.9441
12905819,16:14:24,16:14:24,11881,26,,0,0,9.2361
12905819,16:15:21,16:15:21,12603,27,,0,0,9.4858
12905819,16:16:05,16:16:05,30,28,,0,0,9.6796
12905819,16:17:00,16:17:00,31,29,,0,0,9.8494
12905819,15:41:13,15:41:13,379,3,,0,0,0.578
12905819,16:22:00,16:22:00,9069,30,,1,0,10.8227
12905819,15:42:35,15:42:35,12663,4,,0,0,0.9331
12905819,15:44:51,15:44:51,1269,5,,0,0,1.5221
12905819,15:46:24,15:46:24,1271,6,,0,0,1.9271
12905819,15:48:04,15:48:04,1273,7,,0,0,2.3591
12905819,15:49:53,15:49:53,1275,8,,0,0,2.8334
12905819,15:51:42,15:51:42,1276,9,,0,0,3.3083
12905820,15:19:00,15:19:00,55,1,,0,0,
12905820,15:30:50,15:30:50,10542,10,,0,0,2.4674
12905820,15:32:32,15:32:32,69,11,,0,0,2.8195
12905820,15:33:21,15:33:21,70,12,,0,0,2.9916
12905820,15:35:04,15:35:04,72,13,,0,0,3.3497
12905820,15:41:14,15:41:14,73,14,,0,0,4.6264
12905820,15:42:29,15:42:29,75,15,,0,0,4.8874
12905820,15:43:53,15:43:53,11881,16,,0,0,5.1794
12905820,15:45:05,15:45:05,12603,17,,0,0,5.4291
12905820,15:46:01,15:46:01,30,18,,0,0,5.6229
12905820,15:47:00,15:47:00,31,19,,0,0,5.7926
12905820,15:20:29,15:20:29,56,2,,0,0,0.3092
12905820,15:52:00,15:52:00,9069,20,,1,0,6.7659
12905820,15:21:39,15:21:39,12619,3,,0,0,0.5532
12905820,15:22:25,15:22:25,58,4,,0,0,0.7143
12905820,15:23:49,15:23:49,60,5,,0,0,1.0071
12905820,15:24:41,15:24:41,61,6,,0,0,1.1881
12905820,15:26:04,15:26:04,63,7,,0,0,1.4773
12905820,15:26:57,15:26:57,64,8,,0,0,1.6603
12905820,15:29:12,15:29:12,12040,9,,0,0,2.1283
12905821, 8:34:00, 8:34:00,55,1,,0,0,
12905821, 8:45:00, 8:45:00,10542,10,,0,0,2.4674
12905821, 8:46:34, 8:46:34,69,11,,0,0,2.8195
12905821, 8:47:20, 8:47:20,70,12,,0,0,2.9916
12905821, 8:48:56, 8:48:56,72,13,,0,0,3.3497
12905821, 8:54:39, 8:54:39,73,14,,0,0,4.6264
12905821, 8:55:49, 8:55:49,75,15,,0,0,4.8874
12905821, 8:57:07, 8:57:07,11881,16,,0,0,5.1794
12905821, 8:58:14, 8:58:14,12603,17,,0,0,5.4291
12905821, 8:59:06, 8:59:06,30,18,,0,0,5.6229
12905821, 9:00:00, 9:00:00,31,19,,0,0,5.7926
12905821, 8:35:23, 8:35:23,56,2,,0,0,0.3092
12905821, 9:03:00, 9:03:00,9069,20,,1,0,6.7659
12905821, 8:36:28, 8:36:28,12619,3,,0,0,0.5532
12905821, 8:37:11, 8:37:11,58,4,,0,0,0.7143
12905821, 8:38:29, 8:38:29,60,5,,0,0,1.0071
12905821, 8:39:17, 8:39:17,61,6,,0,0,1.1881
12905821, 8:40:34, 8:40:34,63,7,,0,0,1.4773
12905821, 8:41:23, 8:41:23,64,8,,0,0,1.6603
12905821, 8:43:29, 8:43:29,12040,9,,0,0,2.1283
12905822, 8:22:00, 8:22:00,55,1,,0,0,
12905822, 8:33:25, 8:33:25,10542,10,,0,0,2.4674
12905822, 8:35:03, 8:35:03,69,11,,0,0,2.8195
12905822, 8:35:51, 8:35:51,70,12,,0,0,2.9916
12905822, 8:37:31, 8:37:31,72,13,,0,0,3.3497
12905822, 8:43:28, 8:43:28,73,14,,0,0,4.6264
12905822, 8:44:40, 8:44:40,75,15,,0,0,4.8874
12905822, 8:46:01, 8:46:01,11881,16,,0,0,5.1794
12905822, 8:47:10, 8:47:10,12603,17,,0,0,5.4291
12905822, 8:48:04, 8:48:04,30,18,,0,0,5.6229
12905822, 8:49:00, 8:49:00,31,19,,0,0,5.7926
12905822, 8:23:26, 8:23:26,56,2,,0,0,0.3092
12905822, 8:52:00, 8:52:00,9069,20,,1,0,6.7659
12905822, 8:24:34, 8:24:34,12619,3,,0,0,0.5532
12905822, 8:25:19, 8:25:19,58,4,,0,0,0.7143
12905822, 8:26:40, 8:26:40,60,5,,0,0,1.0071
12905822, 8:27:30, 8:27:30,61,6,,0,0,1.1881
12905822, 8:28:50, 8:28:50,63,7,,0,0,1.4773
12905822, 8:29:41, 8:29:41,64,8,,0,0,1.6603
12905822, 8:31:51, 8:31:51,12040,9,,0,0,2.1283
12905823, 8:12:00, 8:12:00,55,1,,0,0,
12905823, 8:23:25, 8:23:25,10542,10,,0,0,2.4674
12905823, 8:25:03, 8:25:03,69,11,,0,0,2.8195
12905823, 8:25:51, 8:25:51,70,12,,0,0,2.9916
12905823, 8:27:31, 8:27:31,72,13,,0,0,3.3497
12905823, 8:33:28, 8:33:28,73,14,,0,0,4.6264
12905823, 8:34:40, 8:34:40,75,15,,0,0,4.8874
12905823, 8:36:01, 8:36:01,11881,16,,0,0,5.1794
12905823, 8:37:10, 8:37:10,12603,17,,0,0,5.4291
12905823, 8:38:04, 8:38:04,30,18,,0,0,5.6229
12905823, 8:39:00, 8:39:00,31,19,,0,0,5.7926
12905823, 8:13:26, 8:13:26,56,2,,0,0,0.3092
12905823, 8:42:00, 8:42:00,9069,20,,1,0,6.7659
12905823, 8:14:34, 8:14:34,12619,3,,0,0,0.5532
12905823, 8:15:19, 8:15:19,58,4,,0,0,0.7143
12905823, 8:16:40, 8:16:40,60,5,,0,0,1.0071
12905823, 8:17:30, 8:17:30,61,6,,0,0,1.1881
12905823, 8:18:50, 8:18:50,63,7,,0,0,1.4773
12905823, 8:19:41, 8:19:41,64,8,,0,0,1.6603
12905823, 8:21:51, 8:21:51,12040,9,,0,0,2.1283
12905824, 7:54:00, 7:54:00,646,1,,0,0,
12905824, 8:06:03, 8:06:03,1277,10,,0,0,3.4113
12905824, 8:07:28, 8:07:28,1279,11,,0,0,3.8103
12905824, 8:09:26, 8:09:26,56,12,,0,0,4.3659
12905824, 8:10:18, 8:10:18,12619,13,,0,0,4.61
12905824, 8:10:52, 8:10:52,58,14,,0,0,4.771
12905824, 8:11:54, 8:11:54,60,15,,0,0,5.0638
12905824, 8:12:32, 8:12:32,61,16,,0,0,5.2448
12905824, 8:13:33, 8:13:33,63,17,,0,0,5.534
12905824, 8:14:12, 8:14:12,64,18,,0,0,5.7171
12905824, 8:15:51, 8:15:51,12040,19,,0,0,6.1851
12905824, 7:55:10, 7:55:10,378,2,,0,0,0.33
12905824, 8:17:03, 8:17:03,10542,20,,0,0,6.5242
12905824, 8:18:18, 8:18:18,69,21,,0,0,6.8763
12905824, 8:18:54, 8:18:54,70,22,,0,0,7.0484
12905824, 8:20:10, 8:20:10,72,23,,0,0,7.4065
12905824, 8:24:42, 8:24:42,73,24,,0,0,8.6831
12905824, 8:25:37, 8:25:37,75,25,,0,0,8.9441
12905824, 8:26:39, 8:26:39,11881,26,,0,0,9.2361
12905824, 8:27:32, 8:27:32,12603,27,,0,0,9.4858
12905824, 8:28:13, 8:28:13,30,28,,0,0,9.6796
12905824, 8:29:00, 8:29:00,31,29,,0,0,9.8494
12905824, 7:56:02, 7:56:02,379,3,,0,0,0.578
12905824, 8:32:00, 8:32:00,9069,30,,1,0,10.8227
12905824, 7:57:17, 7:57:17,12663,4,,0,0,0.9331
12905824, 7:59:22, 7:59:22,1269,5,,0,0,1.5221
12905824, 8:00:48, 8:00:48,1271,6,,0,0,1.9271
12905824, 8:02:20, 8:02:20,1273,7,,0,0,2.3591
12905824, 8:04:01, 8:04:01,1275,8,,0,0,2.8334
12905824, 8:05:42, 8:05:42,1276,9,,0,0,3.3083
12905825, 7:40:00, 7:40:00,646,1,,0,0,
12905825, 7:51:42, 7:51:42,1277,10,,0,0,3.4113
12905825, 7:53:04, 7:53:04,1279,11,,0,0,3.8103
12905825, 7:54:59, 7:54:59,56,12,,0,0,4.3659
12905825, 7:55:49, 7:55:49,12619,13,,0,0,4.61
12905825, 7:56:22, 7:56:22,58,14,,0,0,4.771
12905825, 7:57:22, 7:57:22,60,15,,0,0,5.0638
12905825, 7:57:59, 7:57:59,61,16,,0,0,5.2448
12905825, 7:58:58, 7:58:58,63,17,,0,0,5.534
12905825, 7:59:35, 7:59:35,64,18,,0,0,5.7171
12905825, 8:01:11, 8:01:11,12040,19,,0,0,6.1851
12905825, 7:41:08, 7:41:08,378,2,,0,0,0.33
12905825, 8:02:21, 8:02:21,10542,20,,0,0,6.5242
12905825, 8:03:33, 8:03:33,69,21,,0,0,6.8763
12905825, 8:04:08, 8:04:08,70,22,,0,0,7.0484
12905825, 8:05:22, 8:05:22,72,23,,0,0,7.4065
12905825, 8:09:46, 8:09:46,73,24,,0,0,8.6831
12905825, 8:10:40, 8:10:40,75,25,,0,0,8.9441
12905825, 8:11:40, 8:11:40,11881,26,,0,0,9.2361
12905825, 8:12:31, 8:12:31,12603,27,,0,0,9.4858
12905825, 8:13:11, 8:13:11,30,28,,0,0,9.6796
12905825, 8:14:00, 8:14:00,31,29,,0,0,9.8494
12905825, 7:41:59, 7:41:59,379,3,,0,0,0.578
12905825, 8:17:00, 8:17:00,9069,30,,1,0,10.8227
12905825, 7:43:12, 7:43:12,12663,4,,0,0,0.9331
12905825, 7:45:13, 7:45:13,1269,5,,0,0,1.5221
12905825, 7:46:36, 7:46:36,1271,6,,0,0,1.9271
12905825, 7:48:05, 7:48:05,1273,7,,0,0,2.3591
12905825, 7:49:43, 7:49:43,1275,8,,0,0,2.8334
12905825, 7:51:21, 7:51:21,1276,9,,0,0,3.3083
12905826, 7:39:00, 7:39:00,55,1,,0,0,
12905826, 7:49:34, 7:49:34,10542,10,,0,0,2.4674
12905826, 7:51:05, 7:51:05,69,11,,0,0,2.8195
12905826, 7:51:49, 7:51:49,70,12,,0,0,2.9916
12905826, 7:53:21, 7:53:21,72,13,,0,0,3.3497
12905826, 7:58:51, 7:58:51,73,14,,0,0,4.6264
12905826, 7:59:58, 7:59:58,75,15,,0,0,4.8874
12905826, 8:01:13, 8:01:13,11881,16,,0,0,5.1794
12905826, 8:02:17, 8:02:17,12603,17,,0,0,5.4291
12905826, 8:03:07, 8:03:07,30,18,,0,0,5.6229
12905826, 8:04:00, 8:04:00,31,19,,0,0,5.7926
12905826, 7:40:20, 7:40:20,56,2,,0,0,0.3092
12905826, 8:07:00, 8:07:00,9069,20,,1,0,6.7659
12905826, 7:41:23, 7:41:23,12619,3,,0,0,0.5532
12905826, 7:42:04, 7:42:04,58,4,,0,0,0.7143
12905826, 7:43:19, 7:43:19,60,5,,0,0,1.0071
12905826, 7:44:05, 7:44:05,61,6,,0,0,1.1881
12905826, 7:45:19, 7:45:19,63,7,,0,0,1.4773
12905826, 7:46:06, 7:46:06,64,8,,0,0,1.6603
12905826, 7:48:07, 7:48:07,12040,9,,0,0,2.1283
12905828, 7:17:00, 7:17:00,55,1,,0,0,
12905828, 7:26:17, 7:26:17,10542,10,,0,0,2.4674
12905828, 7:27:37, 7:27:37,69,11,,0,0,2.8195
12905828, 7:28:16, 7:28:16,70,12,,0,0,2.9916
12905828, 7:29:37, 7:29:37,72,13,,0,0,3.3497
12905828, 7:34:27, 7:34:27,73,14,,0,0,4.6264
12905828, 7:35:26, 7:35:26,75,15,,0,0,4.8874
12905828, 7:36:32, 7:36:32,11881,16,,0,0,5.1794
12905828, 7:37:28, 7:37:28,12603,17,,0,0,5.4291
12905828, 7:38:12, 7:38:12,30,18,,0,0,5.6229
12905828, 7:39:00, 7:39:00,31,19,,0,0,5.7926
12905828, 7:18:10, 7:18:10,56,2,,0,0,0.3092
12905828, 7:42:00, 7:42:00,9069,20,,1,0,6.7659
12905828, 7:19:05, 7:19:05,12619,3,,0,0,0.5532
12905828, 7:19:41, 7:19:41,58,4,,0,0,0.7143
12905828, 7:20:47, 7:20:47,60,5,,0,0,1.0071
12905828, 7:21:28, 7:21:28,61,6,,0,0,1.1881
12905828, 7:22:33, 7:22:33,63,7,,0,0,1.4773
12905828, 7:23:14, 7:23:14,64,8,,0,0,1.6603
12905828, 7:25:00, 7:25:00,12040,9,,0,0,2.1283
12905829, 9:11:00, 9:11:00,646,1,,0,0,
12905829, 9:23:24, 9:23:24,1277,10,,0,0,3.4113
12905829, 9:24:51, 9:24:51,1279,11,,0,0,3.8103
12905829, 9:26:52, 9:26:52,56,12,,0,0,4.3659
12905829, 9:27:45, 9:27:45,12619,13,,0,0,4.61
12905829, 9:28:20, 9:28:20,58,14,,0,0,4.771
12905829, 9:29:24, 9:29:24,60,15,,0,0,5.0638
12905829, 9:30:03, 9:30:03,61,16,,0,0,5.2448
12905829, 9:31:06, 9:31:06,63,17,,0,0,5.534
12905829, 9:31:46, 9:31:46,64,18,,0,0,5.7171
12905829, 9:33:28, 9:33:28,12040,19,,0,0,6.1851
12905829, 9:12:12, 9:12:12,378,2,,0,0,0.33
12905829, 9:34:42, 9:34:42,10542,20,,0,0,6.5242
12905829, 9:35:59, 9:35:59,69,21,,0,0,6.8763
12905829, 9:36:36, 9:36:36,70,22,,0,0,7.0484
12905829, 9:37:54, 9:37:54,72,23,,0,0,7.4065
12905829, 9:42:33, 9:42:33,73,24,,0,0,8.6831
12905829, 9:43:30, 9:43:30,75,25,,0,0,8.9441
12905829, 9:44:34, 9:44:34,11881,26,,0,0,9.2361
12905829, 9:45:28, 9:45:28,12603,27,,0,0,9.4858
12905829, 9:46:10, 9:46:10,30,28,,0,0,9.6796
12905829, 9:47:00, 9:47:00,31,29,,0,0,9.8494
12905829, 9:13:06, 9:13:06,379,3,,0,0,0.578
12905829, 9:50:00, 9:50:00,9069,30,,1,0,10.8227
12905829, 9:14:23, 9:14:23,12663,4,,0,0,0.9331
12905829, 9:16:32, 9:16:32,1269,5,,0,0,1.5221
12905829, 9:18:00, 9:18:00,1271,6,,0,0,1.9271
12905829, 9:19:34, 9:19:34,1273,7,,0,0,2.3591
12905829, 9:21:18, 9:21:18,1275,8,,0,0,2.8334
12905829, 9:23:02, 9:23:02,1276,9,,0,0,3.3083
12905830,16:25:00,16:25:00,646,1,,0,0,
12905830,16:38:47,16:38:47,1277,10,,0,0,3.4113
12905830,16:40:24,16:40:24,1279,11,,0,0,3.8103
12905830,16:42:39,16:42:39,56,12,,0,0,4.3659
12905830,16:43:38,16:43:38,12619,13,,0,0,4.61
12905830,16:44:17,16:44:17,58,14,,0,0,4.771
12905830,16:45:28,16:45:28,60,15,,0,0,5.0638
12905830,16:46:12,16:46:12,61,16,,0,0,5.2448
12905830,16:47:22,16:47:22,63,17,,0,0,5.534
12905830,16:48:06,16:48:06,64,18,,0,0,5.7171
12905830,16:50:00,16:50:00,12040,19,,0,0,6.1851
12905830,16:26:20,16:26:20,378,2,,0,0,0.33
12905830,16:51:22,16:51:22,10542,20,,0,0,6.5242
12905830,16:52:47,16:52:47,69,21,,0,0,6.8763
12905830,16:53:28,16:53:28,70,22,,0,0,7.0484
12905830,16:54:55,16:54:55,72,23,,0,0,7.4065
12905830,17:00:06,17:00:06,73,24,,0,0,8.6831
12905830,17:01:09,17:01:09,75,25,,0,0,8.9441
12905830,17:02:20,17:02:20,11881,26,,0,0,9.2361
12905830,17:03:20,17:03:20,12603,27,,0,0,9.4858
12905830,17:04:07,17:04:07,30,28,,0,0,9.6796
12905830,17:05:00,17:05:00,31,29,,0,0,9.8494
12905830,16:27:20,16:27:20,379,3,,0,0,0.578
12905830,17:10:00,17:10:00,9069,30,,1,0,10.8227
12905830,16:28:46,16:28:46,12663,4,,0,0,0.9331
12905830,16:31:09,16:31:09,1269,5,,0,0,1.5221
12905830,16:32:47,16:32:47,1271,6,,0,0,1.9271
12905830,16:34:32,16:34:32,1273,7,,0,0,2.3591
12905830,16:36:27,16:36:27,1275,8,,0,0,2.8334
12905830,16:38:22,16:38:22,1276,9,,0,0,3.3083
12905831,11:52:00,11:52:00,55,1,,0,0,
12905831,12:02:34,12:02:34,10542,10,,0,0,2.4674
12905831,12:04:05,12:04:05,69,11,,0,0,2.8195
12905831,12:04:49,12:04:49,70,12,,0,0,2.9916
12905831,12:06:21,12:06:21,72,13,,0,0,3.3497
12905831,12:11:51,12:11:51,73,14,,0,0,4.6264
12905831,12:12:58,12:12:58,75,15,,0,0,4.8874
12905831,12:14:13,12:14:13,11881,16,,0,0,5.1794
12905831,12:15:17,12:15:17,12603,17,,0,0,5.4291
12905831,12:16:07,12:16:07,30,18,,0,0,5.6229
12905831,12:17:00,12:17:00,31,19,,0,0,5.7926
12905831,11:53:20,11:53:20,56,2,,0,0,0.3092
12905831,12:22:00,12:22:00,9069,20,,1,0,6.7659
12905831,11:54:23,11:54:23,12619,3,,0,0,0.5532
12905831,11:55:04,11:55:04,58,4,,0,0,0.7143
12905831,11:56:19,11:56:19,60,5,,0,0,1.0071
12905831,11:57:05,11:57:05,61,6,,0,0,1.1881
12905831,11:58:19,11:58:19,63,7,,0,0,1.4773
12905831,11:59:06,11:59:06,64,8,,0,0,1.6603
12905831,12:01:07,12:01:07,12040,9,,0,0,2.1283